return {
    5093787841,
    4911861196,
    8195072420,
    5688245414,
    7999324241,
    8393369045,
    5725126771,
    8153829638,
    7730671883,
    3305625491,
    5356670274,
    3129918906,
    5514362379,
    5295046241,
    2605418885,
    5760939834,
    5863784039,
    6131962364,
    7718001421,
    7483391705,
    8464258161,
    8344955292,
    4403182456,
    8280839952,
    5019211982,
    8230091898,
    5599124950,
	7465872889,
	7059668069,
	8083873398,
	7614272976,
	7207910322,
    4846745093,
    7068854150,
    4506379419,
    4853285032,
    2698595438,
    3773838872,
    4025261011,
    4524872731,
    7367058194,
    4612085855,
    8440701870,
    7795316606,
    7003598197,
    4842592783
}
